T(sec)	Sa(gal)
0.01	350
0.02	380
0.03	410
0.04	440
0.05	470
0.06	500
0.07	530
0.08	560
0.09	590
0.1	620
0.11	650
0.12	680
0.13	710
0.14	740
0.15	770
0.16	800
0.17	800
0.18	800
0.19	800
0.2	800
0.21	800
0.22	800
0.23	800
0.24	800
0.25	800
0.26	800
0.27	800
0.28	800
0.29	800
0.3	800
0.31	800
0.32	800
0.33	800
0.34	800
0.35	800
0.36	800
0.37	800
0.38	800
0.39	800
0.4	800
0.41	800
0.42	800
0.43	800
0.44	800
0.45	800
0.46	800
0.47	800
0.48	800
0.49	800
0.5	800
0.51	800
0.52	800
0.53	800
0.54	800
0.55	800
0.56	800
0.57	800
0.58	800
0.59	800
0.6	800
0.61	800
0.62	800
0.63	800
0.64	800
0.65	787.6923077
0.66	775.7575758
0.67	764.1791045
0.68	752.9411765
0.69	742.0289855
0.7	731.4285714
0.71	721.1267606
0.72	711.1111111
0.73	701.369863
0.74	691.8918919
0.75	682.6666667
0.76	673.6842105
0.77	664.9350649
0.78	656.4102564
0.79	648.1012658
0.8	640
0.81	632.0987654
0.82	624.3902439
0.83	616.8674699
0.84	609.5238095
0.85	602.3529412
0.86	595.3488372
0.87	588.5057471
0.88	581.8181818
0.89	575.2808989
0.9	568.8888889
0.91	562.6373626
0.92	556.5217391
0.93	550.5376344
0.94	544.6808511
0.95	538.9473684
0.96	533.3333333
0.97	527.8350515
0.98	522.4489796
0.99	517.1717172
1	512
1.01	506.9306931
1.02	501.9607843
1.03	497.0873786
1.04	492.3076923
1.05	487.6190476
1.06	483.0188679
1.07	478.5046729
1.08	474.0740741
1.09	469.7247706
1.1	465.4545455
1.11	461.2612613
1.12	457.1428571
1.13	453.0973451
1.14	449.122807
1.15	445.2173913
1.16	441.3793103
1.17	437.6068376
1.18	433.8983051
1.19	430.2521008
1.2	426.6666667
1.21	423.1404959
1.22	419.6721311
1.23	416.2601626
1.24	412.9032258
1.25	409.6
1.26	406.3492063
1.27	403.1496063
1.28	400
1.29	396.8992248
1.3	393.8461538
1.31	390.8396947
1.32	387.8787879
1.33	384.962406
1.34	382.0895522
1.35	379.2592593
1.36	376.4705882
1.37	373.7226277
1.38	371.0144928
1.39	368.3453237
1.4	365.7142857
1.41	363.1205674
1.42	360.5633803
1.43	358.041958
1.44	355.5555556
1.45	353.1034483
1.46	350.6849315
1.47	348.2993197
1.48	345.9459459
1.49	343.6241611
1.5	341.3333333
1.51	339.0728477
1.52	336.8421053
1.53	334.6405229
1.54	332.4675325
1.55	330.3225806
1.56	328.2051282
1.57	326.1146497
1.58	324.0506329
1.59	322.0125786
1.6	320
1.61	318.0124224
1.62	316.0493827
1.63	314.1104294
1.64	312.195122
1.65	310.3030303
1.66	308.4337349
1.67	306.5868263
1.68	304.7619048
1.69	302.9585799
1.7	301.1764706
1.71	299.4152047
1.72	297.6744186
1.73	295.9537572
1.74	294.2528736
1.75	292.5714286
1.76	290.9090909
1.77	289.2655367
1.78	287.6404494
1.79	286.0335196
1.8	284.4444444
1.81	282.8729282
1.82	281.3186813
1.83	279.7814208
1.84	278.2608696
1.85	276.7567568
1.86	275.2688172
1.87	273.7967914
1.88	272.3404255
1.89	270.8994709
1.9	269.4736842
1.91	268.0628272
1.92	266.6666667
1.93	265.2849741
1.94	263.9175258
1.95	262.5641026
1.96	261.2244898
1.97	259.8984772
1.98	258.5858586
1.99	257.2864322
2	256
2.01	254.7263682
2.02	253.4653465
2.03	252.2167488
2.04	250.9803922
2.05	249.7560976
2.06	248.5436893
2.07	247.3429952
2.08	246.1538462
2.09	244.9760766
2.1	243.8095238
2.11	242.6540284
2.12	241.509434
2.13	240.3755869
2.14	239.2523364
2.15	238.1395349
2.16	237.037037
2.17	235.9447005
2.18	234.8623853
2.19	233.7899543
2.2	232.7272727
2.21	231.6742081
2.22	230.6306306
2.23	229.5964126
2.24	228.5714286
2.25	227.5555556
2.26	226.5486726
2.27	225.5506608
2.28	224.5614035
2.29	223.580786
2.3	222.6086957
2.31	221.6450216
2.32	220.6896552
2.33	219.7424893
2.34	218.8034188
2.35	217.8723404
2.36	216.9491525
2.37	216.0337553
2.38	215.1260504
2.39	214.2259414
2.4	213.3333333
2.41	212.4481328
2.42	211.5702479
2.43	210.6995885
2.44	209.8360656
2.45	208.9795918
2.46	208.1300813
2.47	207.2874494
2.48	206.4516129
2.49	205.62249
2.5	204.8
2.51	203.9840637
2.52	203.1746032
2.53	202.3715415
2.54	201.5748031
2.55	200.7843137
2.56	200
2.57	199.2217899
2.58	198.4496124
2.59	197.6833977
2.6	196.9230769
2.61	196.1685824
2.62	195.4198473
2.63	194.6768061
2.64	193.9393939
2.65	193.2075472
2.66	192.481203
2.67	191.7602996
2.68	191.0447761
2.69	190.3345725
2.7	189.6296296
2.71	188.9298893
2.72	188.2352941
2.73	187.5457875
2.74	186.8613139
2.75	186.1818182
2.76	185.5072464
2.77	184.8375451
2.78	184.1726619
2.79	183.5125448
2.8	182.8571429
2.81	182.2064057
2.82	181.5602837
2.83	180.9187279
2.84	180.2816901
2.85	179.6491228
2.86	179.020979
2.87	178.3972125
2.88	177.7777778
2.89	177.1626298
2.9	176.5517241
2.91	175.9450172
2.92	175.3424658
2.93	174.7440273
2.94	174.1496599
2.95	173.559322
2.96	172.972973
2.97	172.3905724
2.98	171.8120805
2.99	171.2374582
3	170.6666667
3.01	170.0996678
3.02	169.5364238
3.03	168.9768977
3.04	168.4210526
3.05	167.8688525
3.06	167.3202614
3.07	166.7752443
3.08	166.2337662
3.09	165.6957929
3.1	165.1612903
3.11	164.6302251
3.12	164.1025641
3.13	163.5782748
3.14	163.0573248
3.15	162.5396825
3.16	162.0253165
3.17	161.5141956
3.18	161.0062893
3.19	160.5015674
3.2	160
3.21	159.5015576
3.22	159.0062112
3.23	158.5139319
3.24	158.0246914
3.25	157.5384615
3.26	157.0552147
3.27	156.5749235
3.28	156.097561
3.29	155.6231003
3.3	155.1515152
3.31	154.6827795
3.32	154.2168675
3.33	153.7537538
3.34	153.2934132
3.35	152.8358209
3.36	152.3809524
3.37	151.9287834
3.38	151.4792899
3.39	151.0324484
3.4	150.5882353
3.41	150.1466276
3.42	149.7076023
3.43	149.271137
3.44	148.8372093
3.45	148.4057971
3.46	147.9768786
3.47	147.5504323
3.48	147.1264368
3.49	146.7048711
3.5	146.2857143
3.51	145.8689459
3.52	145.4545455
3.53	145.0424929
3.54	144.6327684
3.55	144.2253521
3.56	143.8202247
3.57	143.4173669
3.58	143.0167598
3.59	142.6183844
3.6	142.2222222
3.61	141.8282548
3.62	141.4364641
3.63	141.046832
3.64	140.6593407
3.65	140.2739726
3.66	139.8907104
3.67	139.5095368
3.68	139.1304348
3.69	138.7533875
3.7	138.3783784
3.71	138.0053908
3.72	137.6344086
3.73	137.2654155
3.74	136.8983957
3.75	136.5333333
3.76	136.1702128
3.77	135.8090186
3.78	135.4497354
3.79	135.0923483
3.8	134.7368421
3.81	134.3832021
3.82	134.0314136
3.83	133.6814621
3.84	133.3333333
3.85	132.987013
3.86	132.642487
3.87	132.2997416
3.88	131.9587629
3.89	131.6195373
3.9	131.2820513
3.91	130.9462916
3.92	130.6122449
3.93	130.2798982
3.94	129.9492386
3.95	129.6202532
3.96	129.2929293
3.97	128.9672544
3.98	128.6432161
3.99	128.320802
4	128
4.01	127.680798
4.02	127.3631841
4.03	127.0471464
4.04	126.7326733
4.05	126.4197531
4.06	126.1083744
4.07	125.7985258
4.08	125.4901961
4.09	125.1833741
4.1	124.8780488
4.11	124.5742092
4.12	124.2718447
4.13	123.9709443
4.14	123.6714976
4.15	123.373494
4.16	123.0769231
4.17	122.7817746
4.18	122.4880383
4.19	122.1957041
4.2	121.9047619
4.21	121.6152019
4.22	121.3270142
4.23	121.0401891
4.24	120.754717
4.25	120.4705882
4.26	120.1877934
4.27	119.9063232
4.28	119.6261682
4.29	119.3473193
4.3	119.0697674
4.31	118.7935035
4.32	118.5185185
4.33	118.2448037
4.34	117.9723502
4.35	117.7011494
4.36	117.4311927
4.37	117.1624714
4.38	116.8949772
4.39	116.6287016
4.4	116.3636364
4.41	116.0997732
4.42	115.8371041
4.43	115.5756208
4.44	115.3153153
4.45	115.0561798
4.46	114.7982063
4.47	114.541387
4.48	114.2857143
4.49	114.0311804
4.5	113.7777778
4.51	113.5254989
4.52	113.2743363
4.53	113.0242826
4.54	112.7753304
4.55	112.5274725
4.56	112.2807018
4.57	112.0350109
4.58	111.790393
4.59	111.546841
4.6	111.3043478
4.61	111.0629067
4.62	110.8225108
4.63	110.5831533
4.64	110.3448276
4.65	110.1075269
4.66	109.8712446
4.67	109.6359743
4.68	109.4017094
4.69	109.1684435
4.7	108.9361702
4.71	108.7048832
4.72	108.4745763
4.73	108.2452431
4.74	108.0168776
4.75	107.7894737
4.76	107.5630252
4.77	107.3375262
4.78	107.1129707
4.79	106.8893528
4.8	106.6666667
4.81	106.4449064
4.82	106.2240664
4.83	106.0041408
4.84	105.785124
4.85	105.5670103
4.86	105.3497942
4.87	105.1334702
4.88	104.9180328
4.89	104.7034765
4.9	104.4897959
4.91	104.2769857
4.92	104.0650407
4.93	103.8539554
4.94	103.6437247
4.95	103.4343434
4.96	103.2258065
4.97	103.0181087
4.98	102.811245
4.99	102.6052104
5	102.4
5.01	102.1956088
5.02	101.9920319
5.03	101.7892644
5.04	101.5873016
5.05	101.3861386
5.06	101.1857708
5.07	100.9861933
5.08	100.7874016
5.09	100.589391
5.1	100.3921569
5.11	100.1956947
5.12	100
5.13	99.80506823
5.14	99.61089494
5.15	99.41747573
5.16	99.2248062
5.17	99.03288201
5.18	98.84169884
5.19	98.65125241
5.2	98.46153846
5.21	98.27255278
5.22	98.08429119
5.23	97.89674952
5.24	97.70992366
5.25	97.52380952
5.26	97.33840304
5.27	97.15370019
5.28	96.96969697
5.29	96.78638941
5.3	96.60377358
5.31	96.42184557
5.32	96.2406015
5.33	96.06003752
5.34	95.88014981
5.35	95.70093458
5.36	95.52238806
5.37	95.34450652
5.38	95.16728625
5.39	94.99072356
5.4	94.81481481
5.41	94.63955638
5.42	94.46494465
5.43	94.29097606
5.44	94.11764706
5.45	93.94495413
5.46	93.77289377
5.47	93.60146252
5.48	93.43065693
5.49	93.26047359
5.5	93.09090909
5.51	92.92196007
5.52	92.75362319
5.53	92.58589512
5.54	92.41877256
5.55	92.25225225
5.56	92.08633094
5.57	91.92100539
5.58	91.7562724
5.59	91.5921288
5.6	91.42857143
5.61	91.26559715
5.62	91.10320285
5.63	90.94138544
5.64	90.78014184
5.65	90.61946903
5.66	90.45936396
5.67	90.29982363
5.68	90.14084507
5.69	89.98242531
5.7	89.8245614
5.71	89.66725044
5.72	89.51048951
5.73	89.35427574
5.74	89.19860627
5.75	89.04347826
5.76	88.88888889
5.77	88.73483536
5.78	88.58131488
5.79	88.4283247
5.8	88.27586207
5.81	88.12392427
5.82	87.97250859
5.83	87.82161235
5.84	87.67123288
5.85	87.52136752
5.86	87.37201365
5.87	87.22316865
5.88	87.07482993
5.89	86.92699491
5.9	86.77966102
5.91	86.63282572
5.92	86.48648649
5.93	86.34064081
5.94	86.1952862
5.95	86.05042017
5.96	85.90604027
5.97	85.76214405
5.98	85.6187291
5.99	85.47579299
6	85.33333333
6.01	85.19134775
6.02	85.04983389
6.03	84.90878939
6.04	84.76821192
6.05	84.62809917
6.06	84.48844884
6.07	84.34925865
6.08	84.21052632
6.09	84.07224959
6.1	83.93442623
6.11	83.79705401
6.12	83.66013072
6.13	83.52365416
6.14	83.38762215
6.15	83.25203252
6.16	83.11688312
6.17	82.9821718
6.18	82.84789644
6.19	82.71405493
6.2	82.58064516
6.21	82.44766506
6.22	82.31511254
6.23	82.18298555
6.24	82.05128205
6.25	81.92
6.26	81.78913738
6.27	81.65869219
6.28	81.52866242
6.29	81.3990461
6.3	81.26984127
6.31	81.14104596
6.32	81.01265823
6.33	80.88467615
6.34	80.75709779
6.35	80.62992126
6.36	80.50314465
6.37	80.37676609
6.38	80.2507837
6.39	80.12519562
6.4	80
6.41	79.87519501
6.42	79.75077882
6.43	79.62674961
6.44	79.50310559
6.45	79.37984496
6.46	79.25696594
6.47	79.13446677
6.48	79.01234568
6.49	78.89060092
6.5	78.76923077
6.51	78.64823349
6.52	78.52760736
6.53	78.40735069
6.54	78.28746177
6.55	78.16793893
6.56	78.04878049
6.57	77.92998478
6.58	77.81155015
6.59	77.69347496
6.6	77.57575758
6.61	77.45839637
6.62	77.34138973
6.63	77.22473605
6.64	77.10843373
6.65	76.9924812
6.66	76.87687688
6.67	76.76161919
6.68	76.64670659
6.69	76.53213752
6.7	76.41791045
6.71	76.30402385
6.72	76.19047619
6.73	76.07726597
6.74	75.96439169
6.75	75.85185185
6.76	75.73964497
6.77	75.62776957
6.78	75.51622419
6.79	75.40500736
6.8	75.29411765
6.81	75.1835536
6.82	75.07331378
6.83	74.96339678
6.84	74.85380117
6.85	74.74452555
6.86	74.63556851
6.87	74.52692868
6.88	74.41860465
6.89	74.31059507
6.9	74.20289855
6.91	74.09551375
6.92	73.98843931
6.93	73.88167388
6.94	73.77521614
6.95	73.66906475
6.96	73.56321839
6.97	73.45767575
6.98	73.35243553
6.99	73.24749642
7	73.14285714
7.01	73.03851641
7.02	72.93447293
7.03	72.83072546
7.04	72.72727273
7.05	72.62411348
7.06	72.52124646
7.07	72.41867044
7.08	72.31638418
7.09	72.21438646
7.1	72.11267606
7.11	72.01125176
7.12	71.91011236
7.13	71.80925666
7.14	71.70868347
7.15	71.60839161
7.16	71.50837989
7.17	71.40864714
7.18	71.3091922
7.19	71.21001391
7.2	71.11111111
7.21	71.01248266
7.22	70.91412742
7.23	70.81604426
7.24	70.71823204
7.25	70.62068966
7.26	70.52341598
7.27	70.4264099
7.28	70.32967033
7.29	70.23319616
7.3	70.1369863
7.31	70.04103967
7.32	69.94535519
7.33	69.84993179
7.34	69.75476839
7.35	69.65986395
7.36	69.56521739
7.37	69.47082768
7.38	69.37669377
7.39	69.28281461
7.4	69.18918919
7.41	69.09581646
7.42	69.00269542
7.43	68.90982503
7.44	68.8172043
7.45	68.72483221
7.46	68.63270777
7.47	68.54082999
7.48	68.44919786
7.49	68.35781041
7.5	68.26666667
7.51	68.17576565
7.52	68.08510638
7.53	67.99468792
7.54	67.90450928
7.55	67.81456954
7.56	67.72486772
7.57	67.63540291
7.58	67.54617414
7.59	67.4571805
7.6	67.36842105
7.61	67.27989488
7.62	67.19160105
7.63	67.10353866
7.64	67.01570681
7.65	66.92810458
7.66	66.84073107
7.67	66.7535854
7.68	66.66666667
7.69	66.57997399
7.7	66.49350649
7.71	66.40726329
7.72	66.32124352
7.73	66.23544631
7.74	66.1498708
7.75	66.06451613
7.76	65.97938144
7.77	65.89446589
7.78	65.80976864
7.79	65.72528883
7.8	65.64102564
7.81	65.55697823
7.82	65.47314578
7.83	65.38952746
7.84	65.30612245
7.85	65.22292994
7.86	65.13994911
7.87	65.05717916
7.88	64.97461929
7.89	64.89226869
7.9	64.81012658
7.91	64.72819216
7.92	64.64646465
7.93	64.56494325
7.94	64.4836272
7.95	64.40251572
7.96	64.32160804
7.97	64.24090339
7.98	64.160401
7.99	64.08010013
8	64
8.01	63.92009988
8.02	63.840399
8.03	63.76089664
8.04	63.68159204
8.05	63.60248447
8.06	63.5235732
8.07	63.4448575
8.08	63.36633663
8.09	63.28800989
8.1	63.20987654
8.11	63.13193588
8.12	63.05418719
8.13	62.97662977
8.14	62.8992629
8.15	62.82208589
8.16	62.74509804
8.17	62.66829865
8.18	62.59168704
8.19	62.51526252
8.2	62.43902439
8.21	62.36297199
8.22	62.28710462
8.23	62.21142163
8.24	62.13592233
8.25	62.06060606
8.26	61.98547215
8.27	61.91051995
8.28	61.83574879
8.29	61.76115802
8.3	61.68674699
8.31	61.61251504
8.32	61.53846154
8.33	61.46458583
8.34	61.39088729
8.35	61.31736527
8.36	61.24401914
8.37	61.17084827
8.38	61.09785203
8.39	61.0250298
8.4	60.95238095
8.41	60.87990488
8.42	60.80760095
8.43	60.73546856
8.44	60.66350711
8.45	60.59171598
8.46	60.52009456
8.47	60.44864227
8.48	60.37735849
8.49	60.30624264
8.5	60.23529412
8.51	60.16451234
8.52	60.09389671
8.53	60.02344666
8.54	59.95316159
8.55	59.88304094
8.56	59.81308411
8.57	59.74329055
8.58	59.67365967
8.59	59.60419092
8.6	59.53488372
8.61	59.46573751
8.62	59.39675174
8.63	59.32792584
8.64	59.25925926
8.65	59.19075145
8.66	59.12240185
8.67	59.05420992
8.68	58.98617512
8.69	58.91829689
8.7	58.85057471
8.71	58.78300804
8.72	58.71559633
8.73	58.64833906
8.74	58.5812357
8.75	58.51428571
8.76	58.44748858
8.77	58.38084379
8.78	58.3143508
8.79	58.2480091
8.8	58.18181818
8.81	58.11577753
8.82	58.04988662
8.83	57.98414496
8.84	57.91855204
8.85	57.85310734
8.86	57.78781038
8.87	57.72266065
8.88	57.65765766
8.89	57.5928009
8.9	57.52808989
8.91	57.46352413
8.92	57.39910314
8.93	57.33482643
8.94	57.27069351
8.95	57.20670391
8.96	57.14285714
8.97	57.07915273
8.98	57.0155902
8.99	56.95216908
9	56.88888889
9.01	56.82574917
9.02	56.76274945
9.03	56.69988926
9.04	56.63716814
9.05	56.57458564
9.06	56.51214128
9.07	56.44983462
9.08	56.3876652
9.09	56.32563256
9.1	56.26373626
9.11	56.20197585
9.12	56.14035088
9.13	56.0788609
9.14	56.01750547
9.15	55.95628415
9.16	55.89519651
9.17	55.83424209
9.18	55.77342048
9.19	55.71273123
9.2	55.65217391
9.21	55.5917481
9.22	55.53145336
9.23	55.47128927
9.24	55.41125541
9.25	55.35135135
9.26	55.29157667
9.27	55.23193096
9.28	55.17241379
9.29	55.11302476
9.3	55.05376344
9.31	54.99462943
9.32	54.93562232
9.33	54.87674169
9.34	54.81798715
9.35	54.75935829
9.36	54.7008547
9.37	54.64247599
9.38	54.58422175
9.39	54.52609159
9.4	54.46808511
9.41	54.41020191
9.42	54.35244161
9.43	54.29480382
9.44	54.23728814
9.45	54.17989418
9.46	54.12262156
9.47	54.0654699
9.48	54.00843882
9.49	53.95152792
9.5	53.89473684
9.51	53.83806519
9.52	53.78151261
9.53	53.7250787
9.54	53.6687631
9.55	53.61256545
9.56	53.55648536
9.57	53.50052247
9.58	53.44467641
9.59	53.38894682
9.6	53.33333333
9.61	53.27783559
9.62	53.22245322
9.63	53.16718588
9.64	53.1120332
9.65	53.05699482
9.66	53.00207039
9.67	52.94725957
9.68	52.89256198
9.69	52.8379773
9.7	52.78350515
9.71	52.72914521
9.72	52.67489712
9.73	52.62076053
9.74	52.56673511
9.75	52.51282051
9.76	52.45901639
9.77	52.40532242
9.78	52.35173824
9.79	52.29826353
9.8	52.24489796
9.81	52.19164118
9.82	52.13849287
9.83	52.0854527
9.84	52.03252033
9.85	51.97969543
9.86	51.92697769
9.87	51.87436677
9.88	51.82186235
9.89	51.76946411
9.9	51.71717172
9.91	51.66498486
9.92	51.61290323
9.93	51.56092649
9.94	51.50905433
9.95	51.45728643
9.96	51.40562249
9.97	51.35406219
9.98	51.30260521
9.99	51.25125125
10	51.2